62
2092.19 7793.56 65.9356 2320.31 7866.06 149.491
2095.94 7835.67 64.8074 2367.5 7922.94 114.121
1707.81 7703.8 59.4231 2491.56 8013.17 185.045
3974.06 6327.63 14.3654 4665 7346.84 175.418
544.688 7502.63 78.0812 738.75 7938.95 220.391
830 7869.66 91.6189 966.563 7976.69 243.645
973.438 7450.91 77.9564 1441.88 7909.81 206.525
697.813 7442.39 77.8358 975.313 7548.8 190.346
1925.31 6536.22 64.8689 2041.25 6585.28 132.033
4095 6329.58 11 5305.94 7369.81 54.0479
1828.44 6244.73 62.7943 1878.44 6277.39 126.831
1920.31 6579.58 67.2746 2073.75 6667.47 138.367
2000.63 6586.3 67.2384 2073.75 6703.56 141.178
3382.81 6911.06 29.3398 3411.56 6934.81 244.24
2562.5 6648.48 36.5988 2819.38 6903.8 146.795
1883.44 6239.66 36.7241 2714.69 6461.14 123.519
2126.56 7390.2 54.3612 2573.75 7531.45 164.151
2220.63 7268.41 54.4147 2561.88 7449.97 141.515
2368.75 7247.63 54.1079 2560.31 7376.53 100.984
2131.56 7238.64 72.5227 2210.63 7354.42 158.789
2634.38 7231.53 46.4627 2713.75 7393.17 119.01
2559.38 7351.22 48.2681 2714.06 7482.55 149.26
994.063 7658.09 93.455 1356.56 7997.94 179.975
2774.69 6647.78 28.1227 3431.25 7009.03 179.06
3137.81 7243.88 31.5809 3396.88 7331.22 80.2348
3537.19 7109.34 26.4536 3690.94 7230.67 181.778
3330.94 7132.63 29.8746 3477.5 7243.64 138.917
2773.13 7141.38 35.3451 3142.19 7249.81 113.863
3568.75 6629.34 26.9231 3762.81 6762.94 185.784
2768.75 7283.09 36.5896 3141.25 7443.02 175.096
3612.19 6384.73 27 3682.19 6634.58 76.6011
4062.81 5581.84 23.1575 4239.38 5677.86 95.4658
3502.5 5809.19 27.4325 3811.88 6164.81 103.228
4325.94 5582.39 20.1416 4619.38 5690.59 98.5668
4067.19 5894.66 20.8429 4342.19 6055.36 67.0621
4754.69 5732.39 17.3183 4910.31 5901.38 75.6678
4936.56 6119.73 14.5963 5032.81 6182.31 96.1861
3545.63 6860.75 28 3653.75 7117 81.5962
2802.19 6243.09 26.4259 3782.81 7124.66 116.263
1790.63 6277.39 62.7444 1962.81 6579.58 159.258
4693.44 6007.63 15 4938.44 6181.61 79.3313
4724.69 5779.03 18.4821 4763.75 5867.31 75.6678
5192.81 6042.7 14.6409 5253.75 6161.92 125.727
3029.69 6768.33 30.9606 3159.06 6945.59 210.917
5065.63 6376.06 12.2839 5202.19 6458.8 79.2651
5017.81 5743.64 16.9235 5070.63 5849.34 101.335
3033.44 6812.39 32.6408 3070.94 6886.45 259.436
4047.81 5681.14 17.8095 4597.5 6180.59 97.7027
4919.38 5710.2 17.4203 5068.75 5787.94 100.071
4731.88 5139.5 18 5295.63 5282.63 139.14
5063.44 6268.88 12.7188 5205.94 6381.22 106.221
1533.13 7119.5 79.3233 1706.88 7263.25 198.808
5090.63 6074.34 14.6736 5153.75 6154.66 79.4902
4693.44 3911.53 20.0703 4866.25 4145.98 266.532
4498.44 3841.22 20.7811 4692.19 3962.31 137.863
5115.94 5703.8 16.4429 5224.06 5877.7 64.5052
4670.31 3527.55 20 4800.31 3686.61 153.724
4701.25 3928.72 20.2411 4857.81 4128.17 280.945
4910.94 3490.44 16.5016 5288.75 3649.73 133.079
4708.75 4812.55 18 5274.06 4953.88 139.183
4988.13 266.219 14.2454 5429.69 518.406 178.203