30
20 -3 -3 26 3 3
20 -3 20 26 3 26
20 -3 -26 26 3 -20
20 9 -3 26 15 3
20 9 20 26 15 26
20 9 -26 26 15 -20
20 -15 -3 26 -9 3
20 -15 20 26 -9 26
20 -15 -26 26 -9 -20
-26 -3 -3 -20 3 3
-26 -3 20 -20 3 26
-26 -3 -26 -20 3 -20
-26 9 -3 -20 15 3
-26 9 20 -20 15 26
-26 9 -26 -20 15 -20
-26 -15 -3 -20 -9 3
-26 -15 20 -20 -9 26
-26 -15 -26 -20 -9 -20
-3 20 -3 3 26 3
9 20 -3 15 26 3
-15 20 -3 -9 26 3
-3 -26 -3 3 -20 3
9 -26 -3 15 -20 3
-15 -26 -3 -9 -20 3
-3 -3 20 3 3 26
9 -3 20 15 3 26 
-15 -3 20 -9 3 26
-3 -3 -26 3 3 -20
9 -3 -26 15 3 -20 
-15 -3 -26 -9 3 -20