115
15 -18 -15 17 -12 -13
15 1 2 18 3 5
7 1 -5 10 3 -2
-18 1 12 -15 3 15
-10 -5 -5 -7 -3 -2
-14 1 -5 -12 3 -2
-10 1 -5 -7 3 -2
-7 12 -5 -4 16 -2
15 18 -15 17 20 -13
-15 -4 2 -12 -1 8
-2 -2 15 2 2 17
-2 -2 -17 2 2 -15
-1 -2 10 4 2 12
5 5 5 7 7 7
-9 -9 -9 -7 -7 -7
28 -82 46 32 -80 47
31 -97 -73 36 -92 -69
-6 -5 -87 -2 -2 -86
46 -20 -60 47 -18 -58
-28 -89 92 -27 -87 96
-74 -4 76 -71 -2 80
94 76 -48 95 78 -43
29 31 -66 31 32 -61
-92 -1 28 -90 4 29
33 5 -6 36 7 -4
80 58 -40 85 61 -39
81 -38 -35 84 -35 -31
35 -93 -15 39 -92 -10
-76 -99 20 -71 -97 22
88 56 -38 92 60 -36
86 -62 19 91 -58 24
38 26 -87 39 28 -84
21 -11 -89 23 -7 -87
97 76 13 101 78 17
-29 -56 38 -27 -53 43
-87 -80 53 -85 -78 58
29 -71 76 34 -70 81
-65 34 25 -60 35 27
-31 35 -7 -26 38 -4
-6 -23 16 -3 -18 20
19 -48 44 24 -45 48
42 33 -74 43 35 -71
6 0 -65 8 4 -63
20 -46 -63 25 -44 -60
-99 91 30 -94 95 35
-19 -22 -43 -17 -18 -41
-59 -25 -96 -57 -23 -93
-94 -37 22 -89 -33 27
-23 -31 40 -22 -29 44
-14 98 -12 -13 103 -9
-36 14 88 -35 17 90
17 -71 -52 22 -66 -47
0 -28 19 5 -26 21
-47 -91 11 -46 -87 14
22 37 8 23 40 13
4 71 -45 8 75 -41
81 -52 42 83 -51 44
-39 -79 -2 -37 -78 1
87 -36 -35 90 -35 -32
15 -75 32 18 -72 33
-34 84 -39 -30 87 -35
-68 62 50 -63 63 51
-37 21 -45 -34 26 -41
-21 75 -58 -18 76 -53
-90 7 96 -87 11 100
78 -67 -12 82 -62 -10
75 60 -38 80 63 -37
13 49 -56 15 52 -52
-20 -5 86 -16 0 91
60 95 95 65 100 97
74 -48 44 78 -43 47
-16 59 -96 -12 62 -93
-53 77 99 -50 81 101
30 -35 67 33 -33 71
-53 -97 -64 -52 -96 -61
56 66 -60 61 67 -57
14 83 88 19 84 92
-87 2 -87 -82 4 -83
79 -66 29 80 -63 33
86 40 35 90 43 39
93 -49 23 97 -48 27
-92 51 46 -89 56 47
-92 59 55 -91 64 60
-16 -46 30 -11 -42 33
-13 72 89 -12 74 92
-7 22 -49 -3 25 -44
-75 -83 -80 -70 -80 -77
55 -30 28 57 -25 31
-64 31 0 -61 34 5
96 -71 -66 100 -69 -61
-99 43 -53 -96 44 -48
17 61 -88 18 66 -83
43 -18 57 46 -13 58
70 -68 -69 73 -63 -65
86 76 -65 90 80 -60
-70 96 -95 -68 98 -93
-45 7 -57 -44 12 -54
9 -63 74 13 -62 75
-4 -84 40 -2 -82 42
98 54 -2 99 59 2
98 -72 -4 100 -69 -2
33 -36 12 34 -35 17
-8 -16 -20 -7 -13 -19
12 -24 22 14 -21 24
-61 -50 60 -59 -46 61
24 -58 26 28 -55 29
-51 -82 50 -47 -79 55
-52 -26 -55 -47 -21 -54
-37 -39 85 -34 -38 89
31 22 1 33 27 2
-93 32 -61 -89 34 -56
-40 96 27 -35 99 30
-70 -55 99 -65 -53 103
-45 34 -91 -44 36 -90
62 18 12 67 19 17
