30
-13 -13 0 -10 -10 0
-3 20 0 3 26 0
-3 -26 0 3 -20 0
20 -3 0 26 3 0
20 9 0 26 15 0
20 -15 0 26 -9 0
-26 -3 0 -20 3 0
-26 9 0 -20 15 0
-26 -15 0 -20 -9 0
9 20 0 15 26 0
9 -26 0 15 -20 0
9 -3 0 15 3 0 
-15 20 0 -9 26 0
-15 -26 0 -9 -20 0
-15 -3 0 -9 3 0
-23 -23 0 -20 -20 0
17 17 0 20 20 0
36 36 0 39 39 0
46 46 0 49 49 0
56 46 0 59 49 0
86 66 0 89 69 0
-56 46 0 -53 49 0
-86 66 0 -83 69 0
-42 16 0 -39 19 0
46 -46 0 49 -43 0
56 -46 0 59 -43 0
86 -66 0 89 -63 0
16 -42 0 19 -39 0
-22 -42 0 -19 -39 0
-42 -42 0 -39 -39 0