400
-230 -5 -314 -210 29 -285
-483 -5 422 -461 7 440
186 -5 -411 193 12 -389
293 -5 -83 322 14 -82
454 -5 94 460 16 110
46 -5 -75 56 17 -58
-74 -5 -383 -45 8 -365
270 -5 396 282 15 420
202 -5 419 213 20 442
-254 -5 332 -233 3 344
-110 -5 -391 -93 7 -380
-324 -5 -163 -299 28 -161
-200 -5 -420 -179 5 -415
-61 -5 -230 -50 9 -201
-358 -5 13 -356 27 32
-383 -5 207 -357 4 225
-494 -5 251 -493 25 252
153 -5 -260 154 20 -252
385 -5 99 414 13 117
-66 -5 -218 -42 1 -196
231 -5 -88 233 8 -65
-447 -5 -296 -422 19 -289
104 -5 -295 120 22 -266
-456 -5 272 -434 9 300
65 -5 -113 79 20 -90
69 -5 -165 91 6 -162
-262 -5 -180 -250 22 -164
-46 -5 343 -19 25 356
-467 -5 118 -439 13 123
-457 -5 355 -443 4 377
426 -5 -283 452 29 -279
291 -5 -31 319 3 -8
-475 -5 371 -447 25 382
-355 -5 -31 -326 10 -3
383 -5 -426 411 19 -424
-158 -5 -422 -150 26 -401
-234 -5 271 -215 17 275
41 -5 -407 57 30 -385
-366 -5 -38 -343 2 -10
239 -5 161 262 17 169
-141 -5 478 -124 11 488
-445 -5 92 -427 27 94
-174 -5 -314 -170 27 -297
-493 -5 -72 -465 22 -46
466 -5 -151 478 5 -127
157 -5 -83 174 20 -79
-169 -5 -366 -167 8 -355
-75 -5 138 -71 29 152
-463 -5 64 -453 9 74
-18 -5 61 -1 19 79
-251 -5 374 -232 7 385
-84 -5 240 -76 3 249
-432 -5 -273 -408 23 -259
-250 -5 441 -241 6 461
195 -5 116 213 20 144
-78 -5 -447 -50 5 -433
441 -5 -56 450 23 -51
262 -5 476 263 30 481
-193 -5 -225 -191 12 -214
436 -5 108 452 2 122
59 -5 385 60 25 401
-488 -5 -40 -479 28 -27
494 -5 76 495 29 87
219 -5 -301 230 29 -286
443 -5 -345 450 18 -325
308 -5 344 311 11 353
281 -5 137 302 7 161
-149 -5 -351 -136 30 -340
312 -5 -254 333 25 -233
-223 -5 139 -193 5 156
-198 -5 -366 -188 1 -346
144 -5 459 172 1 479
-273 -5 500 -248 21 526
-83 -5 -248 -54 28 -237
297 -5 292 319 17 301
439 -5 -334 468 3 -314
217 -5 463 219 11 464
-389 -5 216 -372 21 224
-266 -5 -141 -257 30 -131
-462 -5 497 -450 9 502
442 -5 -318 463 7 -317
248 -5 465 275 15 494
-272 -5 -398 -261 15 -382
266 -5 -53 286 3 -49
209 -5 313 239 24 319
-53 -5 -386 -42 24 -371
184 -5 139 195 13 164
-143 -5 -397 -115 27 -385
281 -5 377 284 6 387
-472 -5 -331 -443 14 -328
72 -5 274 88 6 280
-328 -5 9 -325 26 11
-413 -5 -407 -406 30 -386
166 -5 120 180 2 142
-192 -5 296 -189 23 302
15 -5 1 41 2 4
-111 -5 -272 -110 29 -252
-129 -5 -71 -108 18 -67
179 -5 400 181 11 430
-366 -5 483 -349 7 505
-369 -5 458 -342 2 478
349 -5 -119 352 3 -112
-61 -5 48 -32 17 70
-271 -5 -452 -258 20 -450
215 -5 68 230 10 91
-241 -5 142 -214 12 148
-107 -5 -120 -85 9 -100
478 -5 -314 494 22 -284
-213 -5 -487 -200 18 -466
144 -5 -283 151 25 -272
-412 -5 -491 -393 28 -472
-64 -5 -20 -42 5 5
79 -5 4 107 5 7
-333 -5 260 -309 21 286
-309 -5 398 -286 2 424
223 -5 410 245 24 428
-444 -5 48 -433 25 68
-242 -5 -440 -220 17 -431
95 -5 204 125 6 231
-301 -5 50 -293 14 63
454 -5 -105 467 22 -92
-56 -5 -373 -53 9 -369
-258 -5 -192 -247 18 -188
-129 -5 -470 -115 24 -453
-307 -5 -49 -279 5 -40
445 -5 -21 475 20 -15
10 -5 -214 33 16 -198
123 -5 -152 153 20 -136
-80 -5 337 -51 17 343
-32 -5 -377 -14 25 -350
-138 -5 -258 -109 10 -253
-463 -5 -49 -437 20 -40
-353 -5 -239 -333 28 -214
-128 -5 431 -121 4 435
-317 -5 482 -289 4 510
-288 -5 -94 -278 24 -89
105 -5 -249 133 21 -227
268 -5 270 296 15 293
-38 -5 78 -24 6 98
-233 -5 443 -221 28 465
59 -5 366 76 7 391
-370 -5 260 -357 30 276
34 -5 -40 48 5 -38
189 -5 200 199 8 215
-306 -5 108 -287 5 112
-171 -5 367 -155 10 376
-209 -5 -57 -183 21 -44
45 -5 461 53 17 480
-54 -5 -287 -43 10 -263
65 -5 -401 92 25 -396
-428 -5 476 -412 10 490
-211 -5 95 -182 15 109
-423 -5 -359 -418 14 -333
-68 -5 32 -63 2 54
-47 -5 -292 -45 25 -277
-236 -5 -10 -212 24 20
424 -5 -206 446 18 -187
-350 -5 424 -347 25 446
-470 -5 -427 -453 16 -418
246 -5 499 257 10 518
-287 -5 74 -259 15 104
372 -5 -382 382 25 -368
-111 -5 467 -105 8 477
-249 -5 451 -221 8 467
327 -5 75 328 17 82
181 -5 -277 189 6 -274
-174 -5 175 -155 26 200
490 -5 -167 514 30 -146
-299 -5 -475 -277 22 -447
266 -5 305 270 10 333
-104 -5 -422 -85 1 -416
-316 -5 23 -309 23 25
135 -5 85 145 8 86
230 -5 -480 256 12 -472
-254 -5 -13 -230 28 16
258 -5 147 282 2 164
-362 -5 361 -335 7 391
-113 -5 -339 -111 9 -323
-212 -5 321 -187 1 331
488 -5 214 490 27 219
-386 -5 165 -356 4 187
165 -5 -55 185 19 -30
-442 -5 146 -429 27 172
97 -5 -26 112 23 -13
-252 -5 43 -240 28 58
-160 -5 -192 -154 26 -166
237 -5 -324 255 15 -313
-358 -5 -466 -343 16 -440
-256 -5 -230 -246 5 -224
-310 -5 -387 -297 12 -365
192 -5 -130 207 17 -114
27 -5 220 39 8 240
-202 -5 -485 -184 25 -462
-354 -5 58 -347 25 79
-377 -5 378 -370 23 401
-278 -5 199 -274 6 217
-219 -5 -192 -194 16 -174
198 -5 406 228 21 428
-126 -5 448 -113 26 460
-409 -5 498 -405 29 507
169 -5 41 186 4 47
-446 -5 -180 -418 29 -152
-312 -5 -420 -296 3 -392
-53 -5 102 -37 24 119
169 -5 365 175 23 376
-330 -5 108 -317 23 138
-349 -5 -23 -337 17 -14
164 -5 -9 168 17 5
90 -5 424 93 22 435
32 -5 277 61 3 293
112 -5 473 119 3 488
285 -5 -85 310 12 -73
-84 -5 -50 -79 17 -21
79 -5 83 83 15 86
-99 -5 262 -85 9 270
54 -5 25 58 5 49
185 -5 -61 206 16 -42
-167 -5 -467 -155 6 -466
116 -5 -27 125 9 0
68 -5 361 97 1 386
-375 -5 122 -370 30 133
-57 -5 474 -31 19 490
496 -5 305 512 11 308
-179 -5 119 -168 13 124
346 -5 385 357 23 391
-53 -5 239 -52 2 243
25 -5 -78 39 23 -69
-218 -5 118 -204 25 135
-474 -5 -447 -453 3 -431
-354 -5 -470 -332 2 -462
-437 -5 -393 -409 8 -375
-25 -5 -393 -17 9 -373
292 -5 -133 320 13 -131
348 -5 43 359 11 46
-257 -5 324 -247 19 326
-26 -5 -277 -2 19 -270
-385 -5 -308 -367 25 -304
-279 -5 -298 -272 13 -285
228 -5 33 252 28 51
111 -5 -171 139 2 -165
-156 -5 500 -136 29 517
-81 -5 183 -72 5 190
-300 -5 352 -281 12 360
357 -5 206 367 14 218
-369 -5 129 -362 19 145
-362 -5 442 -345 16 459
470 -5 61 482 13 64
-388 -5 334 -359 12 363
461 -5 -456 464 17 -432
-132 -5 50 -130 29 63
-358 -5 267 -332 6 275
-347 -5 354 -339 9 369
-417 -5 22 -410 23 36
464 -5 -478 494 30 -472
391 -5 467 401 24 470
437 -5 -8 454 15 13
-453 -5 105 -423 30 130
-151 -5 -301 -140 15 -293
336 -5 -183 337 28 -155
444 -5 255 461 17 262
-135 -5 -247 -127 24 -243
-71 -5 319 -50 12 332
-470 -5 218 -467 26 246
-42 -5 291 -41 14 311
-356 -5 170 -336 8 176
-9 -5 406 11 8 417
-313 -5 -54 -310 30 -37
-399 -5 -467 -395 23 -442
286 -5 366 290 12 388
-279 -5 -452 -265 10 -425
-74 -5 -190 -47 25 -178
-84 -5 -241 -72 13 -228
152 -5 158 161 29 162
-165 -5 457 -148 6 466
443 -5 314 460 28 318
326 -5 88 345 10 109
65 -5 -209 95 24 -184
-359 -5 226 -346 3 255
166 -5 -446 168 9 -432
-264 -5 -469 -242 16 -468
-486 -5 -22 -480 28 -5
-205 -5 339 -196 16 356
208 -5 345 227 23 360
-306 -5 186 -290 23 192
-75 -5 -331 -65 18 -319
338 -5 -403 363 21 -389
159 -5 326 185 17 351
-475 -5 351 -453 19 368
-150 -5 -245 -142 10 -215
-314 -5 202 -297 5 215
172 -5 261 189 24 267
376 -5 284 389 27 287
-488 -5 152 -486 12 177
-419 -5 -5 -393 20 0
183 -5 -272 200 7 -243
424 -5 -180 442 7 -156
-144 -5 -376 -117 27 -371
227 -5 115 234 18 120
111 -5 425 137 10 446
251 -5 1 255 1 13
-384 -5 -497 -377 6 -486
-208 -5 -289 -196 8 -269
-181 -5 -299 -151 20 -290
261 -5 -484 275 19 -476
12 -5 -281 22 5 -275
-176 -5 -234 -153 26 -231
-67 -5 -429 -50 5 -416
93 -5 157 121 25 158
93 -5 -335 110 10 -323
-169 -5 -295 -159 29 -272
-212 -5 186 -200 22 194
-334 -5 432 -311 10 434
490 -5 -146 501 18 -119
-73 -5 -246 -50 23 -229
-339 -5 -23 -319 26 -14
-162 -5 -56 -144 8 -38
226 -5 -150 236 2 -145
-270 -5 329 -268 26 336
-91 -5 -402 -65 21 -378
458 -5 -281 473 11 -267
-400 -5 277 -384 14 301
161 -5 -54 175 4 -28
84 -5 267 106 14 295
-453 -5 338 -426 5 343
-398 -5 213 -379 24 214
312 -5 -422 323 8 -417
-36 -5 25 -7 1 54
-455 -5 -255 -432 23 -247
-247 -5 340 -238 28 362
132 -5 94 162 1 119
-125 -5 -194 -122 22 -187
379 -5 358 380 3 377
55 -5 -440 78 28 -422
189 -5 -366 214 17 -351
381 -5 93 403 4 107
-165 -5 -498 -142 4 -482
182 -5 -218 185 3 -214
-464 -5 -206 -437 21 -176
-469 -5 284 -448 4 302
-124 -5 166 -99 17 192
332 -5 -311 343 5 -288
203 -5 1 205 9 17
-175 -5 131 -156 22 151
176 -5 -41 189 18 -24
50 -5 301 77 12 327
164 -5 424 183 21 428
117 -5 5 128 22 8
366 -5 427 375 1 455
-191 -5 -189 -179 10 -167
299 -5 -233 327 4 -231
421 -5 -405 450 12 -401
478 -5 -36 480 26 -18
-161 -5 -1 -135 14 13
265 -5 -454 287 3 -424
-323 -5 412 -320 22 418
217 -5 -274 238 8 -248
260 -5 -299 282 17 -270
-11 -5 -89 -1 13 -75
16 -5 -417 37 29 -401
-457 -5 84 -452 3 98
312 -5 -85 318 6 -82
492 -5 500 513 2 505
-347 -5 89 -345 27 104
319 -5 408 321 12 423
302 -5 171 322 6 186
-147 -5 -500 -142 4 -494
208 -5 -353 210 18 -346
300 -5 72 304 14 95
-120 -5 343 -92 7 361
253 -5 216 268 30 238
431 -5 -446 461 27 -437
-157 -5 -65 -133 27 -52
-374 -5 -329 -353 23 -317
28 -5 170 33 15 181
341 -5 -453 363 4 -448
140 -5 165 166 6 170
332 -5 -394 351 4 -390
-411 -5 121 -385 21 135
363 -5 -255 391 28 -227
413 -5 18 433 14 20
481 -5 15 488 10 34
-131 -5 326 -102 23 335
-111 -5 385 -97 30 390
-420 -5 356 -392 5 364
-242 -5 55 -215 3 69
102 -5 115 119 10 126
-291 -5 -487 -287 2 -469
188 -5 -245 200 30 -215
-198 -5 6 -178 29 13
449 -5 100 451 27 106
117 -5 -299 141 28 -294
271 -5 -268 299 14 -255
-262 -5 78 -243 8 83
314 -5 -372 337 10 -346
354 -5 157 375 5 187
55 -5 299 64 23 304
365 -5 322 387 25 335
130 -5 90 141 30 108
484 -5 -159 500 11 -144
42 -5 -31 45 27 -26
