40
1 -5 74 6 4 79
78 -5 -29 80 5 -25
89 -5 28 92 2 31
38 -5 19 40 4 24
-65 -5 -77 -62 4 -73
-82 -5 -100 -80 3 -95
-62 -5 -56 -58 1 -54
-63 -5 -56 -58 4 -53
66 -5 -43 68 4 -40
49 -5 77 51 1 80
-55 -5 37 -51 3 39
4 -5 33 7 2 35
58 -5 -83 60 3 -78
24 -5 -76 29 2 -74
-77 -5 -8 -73 2 -4
63 -5 -34 66 5 -32
64 -5 -24 66 1 -23
83 -5 69 88 1 73
92 -5 4 94 5 5
-38 -5 51 -33 5 56
88 -5 -38 92 3 -34
-58 -5 -21 -55 5 -17
50 -5 9 53 3 10
3 -5 38 5 1 41
33 -5 -54 37 1 -53
16 -5 -10 17 4 -7
11 -5 22 12 1 25
57 -5 -60 61 4 -58
-84 -5 39 -82 1 41
-85 -5 -74 -84 3 -72
-56 -5 70 -55 3 72
84 -5 31 88 3 34
2 -5 -5 6 1 -2
69 -5 49 71 2 53
34 -5 -20 37 4 -19
-72 -5 -57 -67 3 -55
62 -5 -22 67 5 -20
22 -5 -41 26 5 -39
89 -5 -74 94 3 -71
41 -5 -63 46 5 -58
