40
-28 -5 17 -27 21 21
-39 -5 4 -38 15 6
-50 -5 -26 -47 25 -22
47 -5 -5 49 29 -1
21 -5 -11 26 19 -6
-28 -5 46 -25 3 47
21 -5 -1 23 3 3
24 -5 28 26 14 31
-48 -5 34 -44 12 37
-37 -5 -11 -35 7 -6
18 -5 -19 19 20 -14
35 -5 -10 36 28 -9
-36 -5 -50 -34 11 -45
-33 -5 -46 -30 30 -42
19 -5 -48 21 15 -47
15 -5 -50 17 6 -49
-42 -5 48 -40 8 53
20 -5 -42 25 5 -41
1 -5 -14 6 9 -11
-41 -5 -11 -39 21 -8
31 -5 23 34 13 28
-38 -5 50 -36 3 55
14 -5 46 18 9 50
6 -5 -33 11 20 -31
-45 -5 -24 -43 23 -19
-31 -5 3 -27 15 5
-50 -5 34 -45 22 35
49 -5 40 52 2 41
-25 -5 20 -23 29 21
-23 -5 19 -20 12 24
11 -5 13 13 1 17
43 -5 1 46 2 3
-9 -5 -32 -4 8 -31
-27 -5 -8 -23 5 -6
-28 -5 6 -26 8 9
23 -5 -38 28 3 -35
-43 -5 -41 -42 26 -40
20 -5 -37 24 9 -34
9 -5 48 14 17 50
-30 -5 -50 -29 10 -45
