100
9 30 0 15 36 0
47 60 0 49 69 0
57 58 0 58 62 0
94 73 0 95 74 0
71 33 0 78 38 0
72 60 0 80 67 0
81 75 0 87 83 0
30 16 0 34 18 0
24 94 0 30 98 0
34 70 0 39 80 0
55 90 0 58 96 0
99 25 0 100 29 0
79 40 0 87 44 0
27 62 0 35 63 0
93 78 0 102 87 0
90 61 0 93 62 0
14 12 0 16 14 0
11 7 0 16 15 0
41 68 0 42 73 0
20 86 0 22 95 0
44 79 0 48 87 0
45 40 0 55 47 0
11 39 0 16 49 0
15 41 0 25 50 0
3 40 0 4 42 0
70 5 0 71 14 0
89 5 0 98 7 0
84 82 0 93 84 0
45 52 0 50 57 0
94 54 0 95 63 0
36 26 0 43 34 0
44 15 0 45 17 0
38 63 0 41 69 0
40 74 0 41 84 0
54 21 0 58 26 0
55 94 0 58 100 0
14 57 0 21 60 0
64 76 0 65 86 0
98 57 0 106 61 0
61 86 0 70 94 0
82 92 0 85 98 0
82 14 0 92 24 0
86 10 0 88 17 0
44 79 0 49 84 0
29 74 0 39 80 0
54 73 0 57 78 0
11 21 0 17 27 0
26 95 0 35 104 0
61 99 0 66 109 0
73 10 0 83 17 0
5 12 0 12 20 0
10 53 0 19 60 0
15 32 0 24 38 0
87 73 0 95 82 0
58 99 0 68 106 0
61 74 0 71 82 0
38 94 0 47 104 0
60 40 0 64 45 0
16 98 0 26 104 0
17 100 0 19 101 0
9 64 0 13 68 0
36 32 0 39 37 0
5 31 0 10 40 0
20 29 0 27 31 0
80 26 0 89 28 0
10 24 0 17 33 0
54 50 0 62 52 0
66 96 0 73 97 0
80 24 0 87 27 0
22 29 0 32 31 0
35 63 0 45 70 0
1 26 0 2 35 0
45 48 0 46 49 0
11 77 0 19 86 0
38 4 0 45 7 0
79 20 0 84 21 0
98 31 0 108 32 0
100 13 0 105 22 0
41 29 0 51 36 0
26 87 0 27 93 0
94 54 0 96 64 0
71 79 0 81 86 0
68 2 0 76 8 0
17 60 0 22 70 0
62 98 0 65 103 0
60 69 0 67 74 0
29 30 0 30 40 0
9 42 0 13 51 0
87 23 0 95 32 0
54 41 0 60 50 0
35 34 0 37 37 0
41 43 0 51 47 0
64 31 0 66 37 0
36 62 0 39 66 0
72 50 0 78 54 0
51 26 0 60 31 0
3 94 0 5 95 0
74 13 0 78 20 0
79 88 0 83 89 0
84 80 0 89 82 0
