400
175 -5 -56 179 5 -52
263 -5 421 265 5 426
-432 -5 140 -428 1 144
51 -5 -448 54 4 -445
-315 -5 -361 -313 2 -358
-251 -5 182 -248 2 183
455 -5 159 459 1 163
149 -5 -188 150 1 -186
-226 -5 -345 -223 5 -343
393 -5 -172 394 4 -167
-250 -5 150 -246 2 151
490 -5 -489 494 1 -486
-145 -5 225 -142 5 226
-227 -5 -191 -222 2 -186
-381 -5 -245 -376 2 -243
314 -5 115 315 5 118
-21 -5 -323 -19 2 -320
323 -5 435 328 3 439
276 -5 -93 277 3 -89
86 -5 -87 91 4 -83
321 -5 -291 323 5 -286
334 -5 -206 335 3 -202
-226 -5 174 -225 5 178
-423 -5 348 -418 3 353
-239 -5 391 -237 5 394
-300 -5 443 -299 4 444
340 -5 -392 341 2 -391
149 -5 -311 152 5 -308
-1 -5 -393 1 5 -389
-250 -5 360 -246 1 361
-424 -5 458 -420 4 459
271 -5 -304 276 1 -299
-325 -5 -90 -321 1 -88
-2 -5 20 0 3 22
485 -5 -322 486 4 -317
-2 -5 196 1 5 199
409 -5 -389 414 4 -388
484 -5 -248 487 5 -246
-147 -5 93 -143 3 95
317 -5 -463 322 3 -462
226 -5 -9 228 4 -5
267 -5 481 268 4 486
-324 -5 -310 -320 4 -307
388 -5 168 392 1 173
372 -5 -111 376 2 -107
391 -5 -224 393 3 -220
242 -5 50 243 1 53
-52 -5 -471 -49 1 -467
65 -5 411 66 2 416
-222 -5 196 -219 2 197
444 -5 192 447 5 195
-427 -5 -430 -423 2 -425
480 -5 307 484 2 308
375 -5 -195 380 2 -190
-110 -5 -134 -107 5 -133
-162 -5 317 -158 1 321
-330 -5 -283 -329 1 -280
109 -5 207 110 3 209
190 -5 -241 192 1 -236
335 -5 -50 339 2 -48
-384 -5 -339 -381 1 -335
296 -5 262 301 5 266
347 -5 -461 348 1 -459
-499 -5 312 -494 1 314
-198 -5 -207 -196 5 -206
-463 -5 427 -458 2 428
465 -5 -373 468 1 -369
-356 -5 439 -351 1 442
-235 -5 -3 -232 3 1
-307 -5 -488 -303 1 -485
-308 -5 109 -306 2 112
-345 -5 -138 -343 5 -135
-248 -5 -297 -246 5 -296
-136 -5 -284 -131 5 -279
-42 -5 41 -41 5 46
129 -5 -2 134 5 0
385 -5 396 387 2 401
237 -5 -351 241 3 -350
-297 -5 -441 -296 2 -439
-156 -5 -446 -152 5 -441
-322 -5 -163 -318 4 -158
347 -5 -192 352 3 -190
183 -5 385 188 4 390
446 -5 -340 449 4 -336
25 -5 -302 27 5 -300
-398 -5 165 -397 3 166
-8 -5 57 -6 3 61
-311 -5 442 -306 2 443
453 -5 489 454 5 492
-494 -5 301 -489 1 304
117 -5 -211 120 2 -210
381 -5 331 384 5 336
499 -5 -251 501 2 -250
-371 -5 267 -366 5 271
201 -5 312 206 1 315
-316 -5 105 -315 5 107
-9 -5 489 -8 4 493
295 -5 -260 298 2 -256
346 -5 486 348 3 490
25 -5 -495 29 5 -490
142 -5 391 147 2 392
422 -5 -409 423 2 -408
316 -5 405 320 2 410
347 -5 230 352 4 231
94 -5 192 97 5 193
180 -5 293 183 3 295
96 -5 66 99 2 71
-344 -5 -72 -339 3 -69
119 -5 -69 122 3 -67
-441 -5 -372 -437 4 -369
136 -5 197 138 3 201
168 -5 -458 172 2 -457
-431 -5 157 -427 2 160
175 -5 -101 179 1 -96
346 -5 275 350 2 277
158 -5 330 160 2 335
-369 -5 -245 -364 3 -242
-48 -5 -441 -44 2 -438
-101 -5 437 -96 3 440
385 -5 289 389 3 290
-293 -5 -97 -289 5 -96
-319 -5 390 -315 4 393
-185 -5 9 -184 3 11
105 -5 249 109 5 250
303 -5 443 304 4 445
112 -5 -53 114 4 -49
464 -5 30 468 4 35
335 -5 -51 339 4 -50
349 -5 -89 351 2 -88
-469 -5 403 -468 3 407
-309 -5 48 -308 1 51
-434 -5 15 -432 5 19
481 -5 -308 486 3 -307
226 -5 253 229 5 254
366 -5 421 369 5 426
-75 -5 356 -72 2 358
354 -5 68 357 1 70
-500 -5 -67 -496 1 -64
75 -5 341 79 4 343
133 -5 -449 137 5 -448
-179 -5 -432 -178 4 -427
4 -5 203 7 1 207
-300 -5 -32 -295 3 -29
257 -5 157 261 2 159
469 -5 47 472 2 49
34 -5 -75 36 3 -72
-416 -5 134 -411 2 137
-460 -5 -68 -458 2 -65
397 -5 39 399 5 43
42 -5 -248 45 4 -247
395 -5 -82 398 2 -78
334 -5 473 335 3 475
-455 -5 86 -450 3 88
353 -5 244 355 3 246
-399 -5 99 -396 2 103
-405 -5 33 -402 5 37
-406 -5 242 -405 3 246
402 -5 -203 407 1 -198
187 -5 -49 188 2 -47
-422 -5 -293 -420 2 -290
-480 -5 36 -475 4 39
-45 -5 342 -44 2 343
-356 -5 309 -351 3 314
259 -5 33 261 1 37
-102 -5 -144 -97 4 -139
-293 -5 -46 -288 3 -45
104 -5 -342 107 1 -340
-423 -5 226 -421 3 230
65 -5 132 67 1 137
-122 -5 -159 -119 4 -155
233 -5 -97 238 5 -96
-309 -5 230 -304 2 232
-63 -5 -311 -62 4 -307
213 -5 -272 215 3 -267
-301 -5 -434 -298 5 -432
-492 -5 -219 -490 4 -215
-1 -5 385 4 2 388
220 -5 29 224 5 33
-87 -5 128 -84 1 129
-110 -5 466 -105 3 471
129 -5 -218 134 4 -215
456 -5 -270 457 2 -265
469 -5 -143 472 4 -141
-8 -5 464 -7 3 469
-193 -5 -274 -190 5 -271
-408 -5 -243 -404 2 -240
458 -5 -44 460 2 -41
-381 -5 -402 -379 3 -400
-159 -5 381 -157 3 385
39 -5 273 40 4 274
-134 -5 -42 -131 4 -38
87 -5 -417 91 4 -412
325 -5 -106 327 2 -104
77 -5 -95 82 4 -92
-112 -5 218 -111 3 220
-112 -5 -345 -108 2 -341
-103 -5 -485 -99 4 -481
-282 -5 -415 -280 4 -413
237 -5 -238 241 5 -237
-102 -5 -445 -101 1 -440
-5 -5 384 -4 5 385
-416 -5 246 -412 1 250
-234 -5 -332 -229 2 -329
-243 -5 -183 -240 4 -180
-473 -5 461 -470 4 465
358 -5 280 363 3 285
393 -5 437 394 2 439
-329 -5 391 -326 5 394
-398 -5 -121 -397 5 -120
-129 -5 202 -128 1 205
39 -5 487 43 5 492
440 -5 484 442 3 487
266 -5 -357 270 4 -356
-308 -5 -346 -306 4 -344
-274 -5 -93 -271 3 -91
398 -5 -285 399 5 -282
420 -5 -333 424 3 -331
22 -5 322 24 5 325
-204 -5 115 -203 1 120
107 -5 -467 108 3 -466
-229 -5 -192 -227 1 -188
495 -5 101 499 4 104
420 -5 487 421 5 491
356 -5 73 360 2 78
-15 -5 -154 -13 1 -151
-258 -5 -334 -257 1 -329
500 -5 -265 503 5 -264
-484 -5 490 -479 3 494
388 -5 189 389 2 190
420 -5 -259 424 4 -255
-474 -5 449 -469 1 451
-196 -5 -66 -192 3 -61
43 -5 -6 48 2 -2
-347 -5 -377 -344 1 -376
126 -5 -223 131 3 -221
-82 -5 51 -79 5 54
-418 -5 106 -413 3 108
-80 -5 80 -76 1 85
169 -5 19 172 3 22
-160 -5 479 -159 4 481
390 -5 -6 391 5 -1
-20 -5 138 -15 1 139
28 -5 -75 31 3 -71
-483 -5 327 -478 1 332
-464 -5 500 -460 4 503
483 -5 -244 488 3 -242
187 -5 -310 192 4 -309
150 -5 -244 155 5 -239
106 -5 446 111 5 449
-336 -5 436 -334 1 440
-99 -5 -347 -95 2 -344
-151 -5 140 -147 3 142
288 -5 -38 293 3 -36
-102 -5 -150 -99 2 -146
387 -5 294 389 4 298
21 -5 -19 26 2 -18
24 -5 14 28 4 19
269 -5 105 272 5 109
167 -5 266 171 5 267
186 -5 174 189 3 175
-192 -5 -42 -188 4 -41
-118 -5 344 -116 5 349
386 -5 327 391 2 331
52 -5 125 55 2 127
433 -5 424 436 3 429
238 -5 119 241 5 122
-75 -5 365 -72 1 368
-40 -5 105 -36 2 110
-100 -5 -172 -97 1 -170
82 -5 306 85 5 310
484 -5 -188 485 4 -184
61 -5 -489 62 2 -487
-251 -5 236 -247 5 238
74 -5 430 76 1 432
-5 -5 -312 0 1 -310
352 -5 257 355 5 259
80 -5 257 84 5 259
-112 -5 93 -108 5 95
96 -5 68 100 3 70
94 -5 -56 98 4 -55
-130 -5 203 -125 5 204
461 -5 92 464 3 94
414 -5 364 417 5 365
361 -5 -418 362 2 -417
-408 -5 350 -406 4 352
7 -5 314 10 5 319
-24 -5 87 -21 3 92
-459 -5 180 -456 2 181
48 -5 87 51 4 92
379 -5 239 380 5 240
234 -5 231 237 4 233
289 -5 414 290 3 419
405 -5 -37 409 2 -32
133 -5 160 136 4 163
-491 -5 -266 -487 1 -263
-104 -5 278 -102 3 281
471 -5 -229 473 4 -226
214 -5 28 219 3 29
280 -5 123 285 1 127
-431 -5 -88 -429 1 -83
153 -5 -105 157 4 -104
-125 -5 -75 -122 3 -73
-134 -5 321 -131 5 323
-289 -5 -65 -288 1 -61
-161 -5 52 -159 5 55
283 -5 62 287 2 64
144 -5 166 147 1 169
-187 -5 -236 -182 3 -234
288 -5 -142 293 5 -137
-433 -5 141 -428 3 142
363 -5 -347 365 1 -344
-36 -5 213 -32 5 216
457 -5 37 462 1 40
1 -5 397 6 3 400
53 -5 18 58 1 21
208 -5 489 212 5 494
423 -5 257 428 4 261
-376 -5 -288 -371 3 -286
-76 -5 -397 -74 3 -396
380 -5 -54 381 1 -52
284 -5 -215 287 1 -210
242 -5 33 246 5 34
-74 -5 -67 -72 3 -65
298 -5 292 303 4 296
407 -5 -253 409 5 -252
-484 -5 72 -481 2 74
-356 -5 161 -353 4 163
-344 -5 -415 -340 3 -410
-232 -5 -273 -228 4 -271
121 -5 12 122 4 14
-71 -5 131 -67 1 133
-389 -5 301 -388 3 304
157 -5 -27 158 5 -24
319 -5 170 323 1 173
121 -5 130 124 4 135
405 -5 -387 406 1 -382
-292 -5 -357 -291 2 -352
293 -5 367 297 3 368
-94 -5 -243 -93 5 -242
163 -5 -328 164 5 -326
-438 -5 -372 -433 1 -371
-499 -5 224 -496 5 227
-494 -5 185 -491 5 186
428 -5 -163 430 2 -159
181 -5 -270 183 4 -269
280 -5 292 285 2 296
-418 -5 108 -417 5 112
-148 -5 142 -144 5 143
-379 -5 -248 -376 2 -247
-308 -5 -284 -306 5 -279
101 -5 -324 105 5 -320
47 -5 -468 49 3 -466
-334 -5 -204 -329 3 -203
-345 -5 216 -341 3 219
-228 -5 412 -224 5 413
244 -5 -319 249 3 -318
-445 -5 -312 -440 5 -309
-283 -5 -170 -280 3 -165
497 -5 110 501 5 114
217 -5 -308 218 1 -307
248 -5 244 251 5 249
416 -5 471 419 2 473
390 -5 -21 394 3 -16
97 -5 -463 98 5 -461
-45 -5 63 -44 1 67
328 -5 -361 333 4 -360
-363 -5 25 -358 2 30
218 -5 -285 223 2 -280
-349 -5 204 -344 5 209
-177 -5 244 -176 5 249
365 -5 73 370 2 75
241 -5 -476 245 2 -473
458 -5 477 459 5 482
32 -5 274 34 2 279
323 -5 72 324 3 74
24 -5 -152 29 2 -151
-444 -5 -6 -442 4 -3
-361 -5 -335 -358 4 -334
-354 -5 -234 -353 3 -229
-395 -5 472 -392 4 474
496 -5 -364 499 3 -359
-41 -5 486 -40 1 491
-46 -5 -161 -45 4 -158
-184 -5 -169 -179 2 -164
391 -5 11 395 5 12
-80 -5 391 -77 2 396
267 -5 -482 272 5 -479
-113 -5 -485 -109 3 -483
320 -5 304 323 2 309
91 -5 -167 94 1 -163
-406 -5 -72 -402 2 -67
-286 -5 337 -282 1 339
298 -5 414 301 5 416
414 -5 -135 417 5 -130
-376 -5 120 -371 2 122
-454 -5 195 -450 3 198
-203 -5 302 -200 3 307
-341 -5 -440 -338 5 -438
-262 -5 363 -260 4 366
357 -5 -94 362 2 -89
