400
-62 -5 -227 -58 5 -225
115 -5 -172 117 5 -167
51 -5 160 55 1 165
-31 -5 -77 -30 4 -74
264 -5 94 268 5 95
-32 -5 -62 -30 2 -59
-146 -5 -262 -145 3 -259
-199 -5 88 -194 3 89
-56 -5 -105 -55 4 -101
85 -5 -152 89 2 -149
33 -5 -57 38 3 -56
288 -5 129 292 3 133
-77 -5 277 -73 1 281
291 -5 288 295 4 293
130 -5 280 132 1 283
-79 -5 285 -77 5 288
-125 -5 -2 -124 3 -1
34 -5 118 38 3 122
-4 -5 -88 0 5 -85
257 -5 92 258 5 96
-200 -5 -288 -195 5 -286
17 -5 -137 20 1 -132
286 -5 -163 288 5 -158
98 -5 -215 103 1 -213
-272 -5 -197 -270 4 -196
-174 -5 -255 -170 5 -253
-163 -5 -120 -158 3 -116
280 -5 -141 283 1 -136
31 -5 -221 34 3 -219
-107 -5 -103 -103 5 -101
37 -5 -150 38 2 -146
-207 -5 -21 -202 5 -16
234 -5 136 238 2 140
229 -5 -1 232 5 0
-133 -5 70 -129 1 75
-294 -5 -7 -290 3 -3
93 -5 -128 95 2 -127
264 -5 87 266 2 90
262 -5 -113 265 3 -108
-189 -5 80 -187 2 84
-5 -5 264 -3 3 267
-283 -5 -53 -282 2 -52
-108 -5 284 -106 3 285
275 -5 50 276 2 54
13 -5 -81 14 4 -79
-59 -5 6 -54 1 10
-116 -5 -6 -115 2 -5
241 -5 124 243 3 126
-42 -5 250 -40 5 253
-99 -5 -24 -98 5 -23
236 -5 -68 237 3 -64
-132 -5 -200 -129 1 -196
163 -5 162 167 2 167
149 -5 -108 152 1 -104
-248 -5 -222 -245 4 -217
-60 -5 -101 -55 3 -96
94 -5 183 96 4 185
111 -5 58 114 5 62
205 -5 -248 208 4 -246
-36 -5 -257 -32 2 -256
-296 -5 -234 -291 1 -229
-195 -5 250 -191 4 251
92 -5 -125 94 5 -124
-202 -5 -44 -197 5 -39
-235 -5 -193 -234 2 -192
-112 -5 -205 -111 4 -202
235 -5 -52 240 2 -47
123 -5 -212 124 4 -207
215 -5 251 218 2 256
-38 -5 44 -37 2 45
-208 -5 -237 -205 3 -236
-227 -5 -128 -222 1 -125
-59 -5 -77 -56 1 -75
219 -5 262 224 3 264
211 -5 -100 215 3 -98
-263 -5 186 -262 5 187
-267 -5 -1 -262 5 3
-184 -5 -139 -179 3 -135
76 -5 292 77 1 295
-286 -5 -109 -284 4 -107
20 -5 277 24 5 278
282 -5 -159 286 5 -155
-112 -5 -41 -110 5 -38
274 -5 262 278 5 265
-161 -5 251 -160 4 253
31 -5 300 35 1 301
88 -5 205 89 2 206
-179 -5 -251 -175 3 -250
-52 -5 208 -51 4 212
-236 -5 125 -232 4 126
263 -5 -278 265 5 -277
163 -5 -135 168 3 -131
-261 -5 249 -260 1 253
-284 -5 223 -282 2 228
-230 -5 139 -225 4 142
-16 -5 110 -14 5 114
192 -5 -292 193 4 -288
-53 -5 260 -52 4 264
-213 -5 -153 -210 5 -149
111 -5 -49 115 2 -45
203 -5 65 204 2 68
133 -5 -239 135 5 -236
228 -5 280 229 2 284
-132 -5 1 -127 2 6
-143 -5 83 -142 4 84
-29 -5 11 -25 5 16
91 -5 -79 94 3 -78
-99 -5 -264 -94 3 -260
-255 -5 281 -254 5 284
-90 -5 -170 -88 1 -167
-228 -5 -10 -223 1 -9
-118 -5 -21 -117 2 -17
114 -5 51 115 1 52
-33 -5 72 -31 5 74
209 -5 -181 212 4 -177
147 -5 88 150 3 91
-257 -5 -176 -252 5 -173
-36 -5 71 -32 2 73
286 -5 -58 291 5 -55
-56 -5 -10 -52 3 -6
87 -5 -1 88 5 4
-249 -5 210 -244 1 213
236 -5 -114 241 4 -112
-213 -5 -107 -211 3 -105
-255 -5 -89 -253 1 -84
163 -5 72 166 2 73
289 -5 242 294 4 245
60 -5 -175 61 1 -172
-38 -5 -265 -35 2 -263
122 -5 133 125 5 135
-172 -5 -11 -168 3 -7
-102 -5 -15 -101 1 -12
101 -5 -52 102 1 -50
-205 -5 -123 -201 1 -118
-53 -5 -259 -51 3 -254
110 -5 283 114 2 287
-108 -5 244 -107 2 249
157 -5 77 162 5 81
88 -5 -287 92 2 -286
-62 -5 -205 -59 1 -204
-100 -5 180 -96 5 182
-235 -5 -179 -230 1 -177
-94 -5 183 -89 2 185
-34 -5 267 -32 1 271
-204 -5 89 -201 1 92
189 -5 -69 191 5 -68
-117 -5 -261 -113 2 -259
273 -5 114 275 1 115
-23 -5 -82 -18 1 -79
-5 -5 200 0 2 203
-3 -5 265 2 3 270
-211 -5 269 -207 5 274
140 -5 -237 145 3 -236
113 -5 -256 118 3 -253
157 -5 57 159 1 60
47 -5 82 48 2 87
86 -5 147 88 4 150
-151 -5 127 -147 4 128
122 -5 -54 126 1 -53
119 -5 -13 124 2 -10
203 -5 -11 207 3 -6
47 -5 63 50 1 67
-192 -5 -160 -189 5 -155
262 -5 -187 264 4 -183
-298 -5 150 -294 3 154
240 -5 -49 241 3 -44
212 -5 48 214 1 51
-221 -5 -283 -219 4 -282
282 -5 -282 284 2 -280
-173 -5 -292 -168 5 -288
-15 -5 -273 -12 3 -269
94 -5 -62 98 2 -57
297 -5 269 301 3 274
281 -5 -278 282 2 -274
-126 -5 189 -121 5 194
-44 -5 273 -43 5 274
22 -5 -13 25 2 -8
25 -5 -30 30 3 -28
64 -5 68 67 1 69
-168 -5 -13 -164 2 -10
2 -5 11 7 5 14
-91 -5 234 -86 4 238
285 -5 -102 289 2 -100
-123 -5 -184 -122 2 -180
73 -5 266 77 1 269
118 -5 -213 122 1 -212
-151 -5 288 -148 4 291
-47 -5 75 -42 3 78
-6 -5 -216 -3 2 -212
-48 -5 70 -43 4 74
-63 -5 273 -59 2 274
-252 -5 116 -248 1 121
243 -5 200 244 3 204
277 -5 66 280 4 67
-33 -5 -13 -29 3 -12
21 -5 185 22 3 188
69 -5 160 70 4 162
1 -5 181 6 3 183
-190 -5 -186 -186 2 -181
-217 -5 237 -215 4 242
-193 -5 -21 -192 1 -16
100 -5 -190 105 4 -188
-75 -5 -251 -74 1 -246
-112 -5 27 -108 4 30
282 -5 -178 286 2 -174
-296 -5 -270 -294 2 -267
-204 -5 -64 -203 5 -63
-294 -5 85 -293 1 87
58 -5 178 61 5 183
-16 -5 244 -15 1 245
-119 -5 -4 -115 2 0
-281 -5 276 -276 5 281
284 -5 -251 285 3 -249
100 -5 -63 102 5 -62
-129 -5 122 -124 5 124
-216 -5 -284 -213 1 -283
-36 -5 265 -32 2 269
-96 -5 296 -94 2 301
20 -5 -120 24 2 -117
-141 -5 -144 -140 4 -140
199 -5 -188 201 2 -187
-148 -5 -29 -145 1 -28
148 -5 124 150 5 129
-246 -5 153 -245 2 158
241 -5 180 243 3 181
66 -5 254 69 5 259
67 -5 -207 68 2 -205
226 -5 283 231 1 288
-214 -5 128 -212 2 129
-257 -5 300 -255 2 305
-296 -5 262 -294 1 263
-27 -5 -218 -26 2 -217
-72 -5 172 -67 5 173
-115 -5 -152 -110 5 -148
286 -5 -93 290 2 -89
-198 -5 106 -193 1 109
-86 -5 206 -85 4 209
-104 -5 -249 -102 2 -246
-62 -5 262 -58 3 263
37 -5 263 39 3 266
-130 -5 -46 -129 4 -43
148 -5 84 153 2 88
-235 -5 -84 -234 3 -82
-38 -5 -169 -37 1 -168
-7 -5 282 -5 2 284
197 -5 -9 201 5 -6
-222 -5 152 -221 2 154
-86 -5 85 -83 5 87
-157 -5 -143 -154 4 -142
-147 -5 77 -143 1 81
-289 -5 -147 -287 3 -143
190 -5 -238 192 3 -235
195 -5 -20 197 5 -16
-20 -5 212 -16 3 213
-36 -5 243 -32 2 248
71 -5 173 75 5 174
-27 -5 252 -23 4 253
179 -5 -267 181 2 -262
-181 -5 207 -180 3 208
-188 -5 79 -186 3 80
252 -5 119 254 2 122
-250 -5 249 -246 3 252
6 -5 -141 10 2 -139
180 -5 162 183 1 165
185 -5 -105 189 3 -102
278 -5 -175 282 5 -173
-224 -5 155 -220 1 160
229 -5 -115 230 3 -114
261 -5 298 265 2 302
288 -5 -130 293 3 -128
297 -5 297 299 3 302
171 -5 231 176 1 235
-140 -5 -55 -139 5 -52
-251 -5 -208 -248 4 -206
100 -5 84 104 2 87
5 -5 209 10 5 210
253 -5 200 257 4 202
-132 -5 -248 -127 5 -247
-263 -5 85 -258 1 89
254 -5 -172 259 5 -168
-111 -5 64 -109 3 67
172 -5 12 173 1 14
-211 -5 201 -208 2 206
29 -5 -254 31 1 -252
-297 -5 12 -292 2 14
231 -5 8 235 4 11
-160 -5 -152 -155 2 -151
-104 -5 179 -101 2 182
-31 -5 -23 -30 3 -18
281 -5 168 282 4 170
-91 -5 -13 -88 4 -10
-167 -5 274 -166 2 275
25 -5 -147 28 2 -143
-230 -5 -111 -226 4 -108
-234 -5 230 -233 5 231
18 -5 15 20 1 17
176 -5 -171 177 1 -167
214 -5 118 219 1 120
-192 -5 174 -187 5 178
15 -5 -133 19 3 -132
298 -5 250 301 2 252
180 -5 171 182 3 172
184 -5 286 189 4 291
212 -5 193 213 2 196
207 -5 55 212 3 58
232 -5 61 233 1 65
151 -5 48 154 4 50
-121 -5 -291 -120 2 -289
-182 -5 -81 -178 1 -78
-147 -5 146 -144 4 149
-135 -5 -246 -132 3 -244
57 -5 264 60 4 268
99 -5 103 104 2 107
-79 -5 87 -75 4 92
247 -5 -8 251 1 -4
-184 -5 -295 -182 1 -294
127 -5 263 129 5 266
-176 -5 53 -175 5 58
-28 -5 -56 -25 4 -55
159 -5 205 163 2 207
172 -5 145 177 5 149
-48 -5 -257 -46 2 -255
77 -5 -75 81 5 -71
87 -5 -44 91 1 -40
-296 -5 -194 -292 1 -192
282 -5 -105 284 1 -102
-42 -5 251 -40 3 256
-87 -5 80 -84 4 82
-78 -5 69 -77 2 71
-90 -5 -230 -88 3 -227
-210 -5 -152 -209 4 -149
100 -5 -79 101 2 -75
-265 -5 -272 -260 3 -268
284 -5 -170 289 5 -167
143 -5 292 144 1 294
109 -5 8 110 3 10
-35 -5 65 -34 2 68
198 -5 79 200 3 81
-167 -5 136 -164 2 141
-64 -5 250 -60 2 254
16 -5 163 19 5 166
5 -5 -186 9 1 -183
-148 -5 200 -146 3 203
-51 -5 -169 -48 1 -166
-203 -5 -95 -199 3 -93
71 -5 67 76 1 68
70 -5 87 75 2 89
-132 -5 126 -129 1 128
148 -5 85 153 5 86
284 -5 -269 288 5 -268
187 -5 153 189 4 156
-102 -5 187 -97 2 189
30 -5 -242 33 2 -237
-1 -5 255 1 3 259
130 -5 283 134 1 287
161 -5 19 166 4 24
240 -5 -229 245 4 -224
51 -5 272 53 5 277
-259 -5 -204 -255 5 -203
-85 -5 250 -82 2 253
-151 -5 -286 -147 4 -282
273 -5 -212 275 2 -211
110 -5 -14 112 4 -12
-251 -5 11 -247 5 16
-165 -5 -268 -162 1 -267
-78 -5 141 -76 5 145
-155 -5 45 -152 2 49
-252 -5 -26 -248 3 -24
-68 -5 13 -63 1 17
-77 -5 177 -73 1 179
281 -5 121 286 2 124
172 -5 -97 175 4 -92
-187 -5 33 -185 5 38
-223 -5 42 -221 5 43
123 -5 -145 124 2 -140
-24 -5 273 -20 4 274
-18 -5 -94 -14 4 -91
-129 -5 16 -125 1 21
138 -5 -267 142 3 -266
-195 -5 -208 -191 5 -207
212 -5 172 214 2 177
100 -5 -149 105 3 -144
-218 -5 294 -213 2 298
-54 -5 -251 -52 5 -248
-238 -5 78 -235 1 79
239 -5 193 240 5 198
-281 -5 -16 -276 5 -13
-265 -5 17 -261 3 22
-112 -5 209 -108 3 214
-293 -5 63 -288 3 65
-220 -5 -41 -217 1 -40
141 -5 -68 144 4 -63
-154 -5 -173 -152 4 -171
-3 -5 -265 -1 1 -261
52 -5 -297 56 5 -292
44 -5 -162 47 4 -161
-84 -5 -200 -83 2 -196
286 -5 -71 289 4 -69
-221 -5 -237 -216 1 -234
-65 -5 147 -64 2 151
