40
40 1 4 42 3 7
14 1 -25 17 2 -22
-26 1 4 -24 3 6
-15 1 -20 -13 3 -17
-40 1 -22 -38 3 -19
41 1 18 44 2 19
33 1 32 35 2 34
10 1 -29 13 3 -26
11 1 2 13 2 3
32 1 31 34 3 34
1 1 9 4 2 11
4 1 27 6 3 28
-36 1 44 -35 2 45
-17 1 38 -14 3 39
33 1 -1 36 2 1
26 1 -14 28 2 -12
-2 1 16 1 2 17
18 1 -35 20 2 -33
-34 1 41 -31 3 44
16 1 -46 17 3 -43
27 1 28 29 3 29
26 1 -49 28 2 -47
-11 1 -6 -9 3 -4
-32 1 -9 -29 2 -7
-40 1 -8 -38 3 -5
15 1 -11 16 2 -10
-31 1 -41 -28 2 -39
-23 1 -23 -22 3 -22
-10 1 50 -8 3 53
-36 1 -33 -33 3 -32
4 1 -31 7 2 -28
40 1 24 42 2 25
-38 1 9 -37 3 12
49 1 -13 50 2 -10
48 1 -43 50 3 -42
44 1 12 46 3 15
15 1 37 18 2 39
-3 1 24 0 2 26
43 1 -39 44 2 -37
14 1 20 16 2 21
