40
50 -5 40 53 17 45
-44 -5 -43 -32 23 -13
18 -5 -13 44 18 -4
6 -5 -28 33 7 -9
49 -5 18 68 30 40
42 -5 -10 49 12 1
40 -5 50 55 8 78
-10 -5 15 6 24 38
45 -5 -28 51 27 -19
24 -5 17 27 22 40
-27 -5 -20 2 18 -2
-4 -5 15 -3 27 42
47 -5 -44 76 17 -40
36 -5 -43 58 16 -35
-35 -5 -1 -20 8 27
25 -5 45 27 11 63
-21 -5 4 5 27 8
2 -5 -17 9 14 -10
-14 -5 -32 15 26 -31
1 -5 -2 25 5 26
-32 -5 -48 -13 14 -47
-15 -5 -18 7 18 3
37 -5 39 64 15 57
-25 -5 10 -8 8 13
32 -5 -13 35 11 -8
17 -5 16 19 16 42
-27 -5 5 -9 29 19
47 -5 36 57 1 53
28 -5 33 47 27 47
24 -5 11 38 10 28
-23 -5 -8 -1 29 11
45 -5 9 52 9 37
-9 -5 16 11 15 38
-35 -5 29 -34 29 59
-34 -5 8 -25 26 38
18 -5 -20 48 7 -10
26 -5 37 35 5 59
-25 -5 49 1 10 64
38 -5 -1 52 16 22
46 -5 16 76 2 42
