40
-37 -5 27 -34 4 28
39 -5 5 40 5 7
-8 -5 34 -7 1 37
-11 -5 21 -9 2 22
-42 -5 39 -39 2 42
-44 -5 8 -43 1 10
23 -5 46 25 2 47
-31 -5 -35 -30 3 -32
37 -5 -29 38 5 -28
-31 -5 -38 -30 1 -35
-6 -5 -6 -3 2 -4
-16 -5 19 -15 4 22
25 -5 -14 28 3 -12
18 -5 -8 20 2 -6
-49 -5 45 -46 3 48
37 -5 21 40 3 24
-7 -5 -11 -4 5 -9
28 -5 50 31 2 53
49 -5 -50 51 5 -49
45 -5 14 48 3 15
-48 -5 46 -47 5 47
29 -5 45 30 4 47
34 -5 -32 36 3 -29
31 -5 -44 33 3 -43
24 -5 -18 26 5 -16
37 -5 11 40 2 13
-33 -5 -39 -31 2 -38
-26 -5 -29 -25 3 -27
3 -5 20 5 5 22
7 -5 22 10 4 25
45 -5 14 48 1 16
14 -5 -45 17 2 -42
40 -5 -46 41 4 -44
38 -5 39 39 4 41
12 -5 31 14 2 32
35 -5 -36 37 2 -35
-30 -5 -8 -29 4 -6
-6 -5 -42 -4 1 -39
14 -5 7 17 3 8
2 -5 28 3 5 31
