40
-11 1 22 -10 1 25
17 1 38 20 2 40
2 1 -13 5 1 -12
-26 1 32 -24 1 33
-30 1 -34 -28 2 -33
34 1 -43 37 2 -41
-50 1 11 -47 2 13
11 1 -19 12 2 -17
10 1 22 12 1 24
-17 1 2 -16 2 3
-8 1 13 -6 1 15
23 1 -3 24 1 -2
-8 1 11 -7 1 14
12 1 -14 14 1 -11
-23 1 -38 -20 1 -35
-11 1 13 -10 2 14
36 1 26 38 1 28
9 1 22 10 1 24
33 1 -37 35 1 -35
33 1 -25 36 2 -24
38 1 -7 39 1 -4
-49 1 3 -48 1 4
-11 1 49 -10 1 52
-36 1 22 -35 1 23
-45 1 -49 -42 2 -48
39 1 14 42 1 16
26 1 6 29 2 9
-3 1 13 -2 1 14
-4 1 40 -3 2 43
50 1 -19 52 1 -16
7 1 16 8 1 17
-44 1 -45 -43 2 -44
-46 1 15 -43 1 16
34 1 -7 35 1 -4
9 1 -20 10 1 -18
-38 1 -38 -35 1 -37
-32 1 22 -31 2 24
-35 1 17 -33 2 18
-49 1 5 -46 2 7
5 1 -50 8 1 -48
