104
-5 -5 -5 5 5 5
30 5 10 36 11 16
30 -5 2 36 1 8
30 -5 12 36 1 18
25 -5 -12 31 1 -6
-17 -45 -76 -11 -39 -70
78 -79 18 84 -73 24
-37 44 -24 -31 50 -18
94 14 28 100 20 34
72 31 -73 78 37 -67
-4 -97 -78 2 -91 -72
-15 0 -76 -9 6 -70
-62 42 0 -56 48 6
28 -86 46 34 -80 52
1 -36 52 7 -30 58
-99 -70 55 -93 -64 61
-12 34 3 -6 40 9
59 -29 -84 65 -23 -78
1 23 -67 7 29 -61
-56 -60 -22 -50 -54 -16
64 17 71 70 23 77
-93 -93 50 -87 -87 56
-70 -25 58 -64 -19 64
23 -70 26 29 -64 32
-82 -42 81 -76 -36 87
36 19 -95 42 25 -89
0 -32 21 6 -26 27
9 35 32 15 41 38
-17 -97 -5 -11 -91 1
-92 88 -89 -86 94 -83
86 28 -74 92 34 -68
-30 -43 98 -24 -37 104
51 88 -24 57 94 -18
97 -70 19 103 -64 25
-91 -77 -33 -85 -71 -27
-7 96 51 -1 102 57
23 33 -33 29 39 -27
-4 -19 37 2 -13 43
-66 10 -51 -60 16 -45
72 19 99 78 25 105
-51 -90 10 -45 -84 16
-54 -37 -81 -48 -31 -75
-44 9 17 -38 15 23
37 66 -32 43 72 -26
56 -61 -53 62 -55 -47
-96 70 11 -90 76 17
84 -91 34 90 -85 40
48 -73 -44 54 -67 -38
68 -75 -48 74 -69 -42
-36 22 38 -30 28 44
48 76 54 54 82 60
-92 88 -35 -86 94 -29
80 -74 -86 86 -68 -80
-65 47 26 -59 53 32
34 81 71 40 87 77
2 7 79 8 13 85
-62 21 30 -56 27 36
-1 40 69 5 46 75
5 67 86 11 73 92
53 24 88 59 30 94
-70 -47 86 -64 -41 92
-28 27 -77 -22 33 -71
-91 -85 -27 -85 -79 -21
-40 -53 38 -34 -47 44
5 -57 26 11 -51 32
-1 -12 57 5 -6 63
73 -54 -26 79 -48 -20
41 -65 -65 47 -59 -59
-12 -59 27 -6 -53 33
-70 99 -12 -64 105 -6
-91 40 -36 -85 46 -30
90 23 14 96 29 20
72 91 -28 78 97 -22
74 70 -91 80 76 -85
50 0 -3 56 6 3
51 58 -52 57 64 -46
-69 43 95 -63 49 101
-6 92 -95 0 98 -89
-72 -61 47 -66 -55 53
-53 -17 32 -47 -11 38
89 43 -91 95 49 -85
50 -42 -38 56 -36 -32
-60 -2 95 -54 4 101
-22 -9 75 -16 -3 81
-96 -21 -29 -90 -15 -23
-64 38 42 -58 44 48
27 -78 -74 33 -72 -68
-49 -71 73 -43 -65 79
-21 -3 20 -15 3 26
93 -32 73 99 -26 79
30 88 94 36 94 100
20 3 -7 26 9 -1
1 -77 26 7 -71 32
-22 -48 39 -16 -42 45
-3 14 41 3 20 47
-70 77 26 -64 83 32
27 90 95 33 96 101
-8 -98 85 -2 -92 91
57 -26 75 63 -20 81
10 64 89 16 70 95
68 67 72 74 73 78
95 61 -46 101 67 -40
-6 -38 26 0 -32 32
-25 67 -60 -19 73 -54
