43
-3 -3 -3 3 3 3
20 -3 -3 26 3 3
20 -3 20 26 3 26
20 -3 -26 26 3 -20
20 9 -3 26 15 3
20 9 20 26 15 26
20 9 -26 26 15 -20
20 -15 -3 26 -9 3
20 -15 20 26 -9 26
20 -15 -26 26 -9 -20
-26 -3 -3 -20 3 3
-26 -3 20 -20 3 26
-26 -3 -26 -20 3 -20
-26 9 -3 -20 15 3
-26 9 20 -20 15 26
-26 9 -26 -20 15 -20
-26 -15 -3 -20 -9 3
-26 -15 20 -20 -9 26
-26 -15 -26 -20 -9 -20
-3 20 -3 3 26 3
9 20 -3 15 26 3
-15 20 -3 -9 26 3
-3 -26 -3 3 -20 3
9 -26 -3 15 -20 3
-15 -26 -3 -9 -20 3
-3 -3 20 3 3 26
9 -3 20 15 3 26 
-15 -3 20 -9 3 26
-3 -3 -26 3 3 -20
9 -3 -26 15 3 -20 
-15 -3 -26 -9 3 -20
-30 20 -3 -27 26 3
19 26 -3 25 32 3
-15 29 -3 -9 35 3
-30 -30 -3 -24 -24 3
90 -26 -3 96 -20 3
-55 -26 -3 -49 -20 3
-3 -3 -30 3 3 -24
39 -3 29 45 3 35 
-10 -3 80 -4 3 86
-14 -3 -96 -8 3 -90
29 -3 -86 35 3 -80 
-55 -33 -26 -49 -27 -20